4294967279,30
4294967279,29
126,7
122,4
4294967279,28
4294967279,27
4294967278,247
4294967278,438
4294967279,23
4294967278,437
4294967278,395
4294967278,426
100,5
4294967294,1422
4294967294,22
4294967294,42
4294967294,99
4294967294,76
4294967294,1416
4294967279,21
4294967279,19
4294967278,235
4294967278,174
4294967294,1429
4294967278,229
4294967278,226
4294967279,17
4294967279,16
4294967279,15
4294967279,14
4294967278,224
4294967278,436
4294967279,376
4294967278,220
4294967278,218
4294967278,216
4294967294,470
4294967279,12
4294967279,10
126,4
4294967278,404
4294967279,375
4294967294,1420
4294967294,43
4294967294,1424
4294967294,51
183,8
183,7
183,6
183,5
183,4
4294967278,346
4294967278,212
4294967278,394
4294967278,210
4294967278,393
4294967279,374
4294967279,540
4294967279,0
4294967278,208
4294967278,348
4294967278,372
4294967278,206
4294967294,82
4294967294,1414
4294967278,344
95,7
95,0
4294967278,204
4294967278,203
4294967278,425
142,2
94,4
4294967278,201
4294967278,384
4294967278,199
4294967278,198
4294967278,197
4294967278,369
180,5
4294967294,479
4294967279,567
4294967278,379
4294967278,194
95,6
95,1
95,5
95,2
4294967278,387
4294967294,1423
4294967279,193
4294967278,311
4294967278,310
4294967294,1435
4294967294,7
142,6
142,5
118,4
4294967278,190
142,4
118,5
4294967279,190
4294967278,189
95,4
182,5
180,8
4294967294,50
4294967294,437
134,5
168,4
180,4
182,4
182,6
146,4
100,4
4294967294,81
4294967294,973
4294967294,68
4294967294,11
134,4
4294967278,132
4294967278,131
4294967278,130
4294967278,129
4294967278,128
4294967278,127
4294967278,126
4294967278,125
4294967278,124
4294967278,123
4294967278,122
4294967278,121
4294967278,120
4294967278,119
4294967278,118
4294967278,117
4294967278,116
4294967278,115
4294967278,114
4294967278,113
4294967278,112
4294967278,111
4294967278,110
4294967278,109
4294967278,108
4294967278,107
4294967278,106
4294967278,105
4294967278,104
4294967278,103
4294967278,102
4294967278,101
4294967278,100
4294967278,99
4294967278,98
4294967278,97
4294967278,96
4294967278,95
4294967278,94
4294967278,93
4294967278,92
4294967278,91
4294967278,90
4294967278,89
4294967278,87
4294967278,86
4294967278,85
4294967278,84
4294967278,83
4294967278,82
4294967278,81
4294967278,80
4294967278,79
4294967278,78
4294967278,77
4294967278,76
4294967278,75
4294967278,74
4294967278,72
4294967278,70
4294967278,69
4294967278,68
4294967278,67
4294967278,66
4294967278,65
4294967278,64
4294967278,376
4294967278,63
4294967278,62
4294967278,61
4294967278,60
4294967279,79
4294967279,76
4294967279,68
4294967279,66
4294967279,64
4294967279,63
4294967279,548
4294967279,62
4294967279,61
4294967279,55
4294967279,54
4294967279,52
4294967279,48
4294967279,47
4294967279,45
4294967279,41
4294967279,33
4294967279,32
4294967279,31
4294967279,26
4294967279,25
4294967279,24
4294967279,22
4294967279,20
4294967279,18
4294967279,13
4294967279,11
4294967279,9
4294967279,8
4294967279,7
4294967279,6
4294967279,5
4294967279,4
86,5
4294967279,188
83,4
4294967294,17
4294967294,5
4294967294,478
4294967294,970
4294967294,904
4294967294,186
4294967294,920
4294967294,946
4294967294,93
4294967294,94
4294967294,95
4294967294,96
4294967294,67
4294967294,417
4294967294,393
4294967294,46
4294967294,2
4294967294,0
4294967294,424
4294967294,92
4294967294,88
4294967294,85
4294967294,83
4294967294,950
4294967294,29
4294967294,28
4294967294,27
4294967294,25
4294967294,26
4294967294,52
4294967294,45
4294967294,44
4294967294,427
4294967294,39
4294967294,41
4294967294,36
4294967278,73
4294967278,391
4294967279,73
4294967279,552
0,5
4294967278,435
4294967278,0
4294967278,71
4294967279,71
4294967279,333
4294967294,6
4294967278,183
4294967278,182
4294967294,8
183,9
183,3
183,2
183,1
4294967278,434
4294967279,373
4294967279,372
4294967279,371
4294967278,433
4294967279,370
4294967279,369
4294967278,432
4294967279,368
4294967278,431
4294967279,367
4294967278,429
4294967293,131
4294967293,130
4294967293,129
4294967293,128
4294967293,127
4294967293,126
4294967293,125
4294967293,124
4294967293,123
4294967293,122
4294967293,121
4294967293,120
4294967293,119
4294967293,118
4294967293,117
4294967293,116
4294967293,115
4294967293,114
4294967293,113
4294967293,112
4294967293,111
4294967293,110
4294967293,109
4294967293,108
4294967293,107
4294967293,106
4294967293,105
4294967293,104
4294967293,103
